            Seq#      Sample_No     Ag         Au         Cu         Pb  \
count  19.000000      19.000000  19.00  19.000000  19.000000  19.000000   
mean   10.000000  457842.578947   0.25   0.126605  23.736842  28.736842   
std     5.627314  169470.531018   0.00   0.030301   0.991189   2.181796   
min     1.000000  331673.000000   0.25   0.002500  21.000000  23.000000   
25%     5.500000  331829.500000   0.25   0.131000  23.500000  27.500000   
50%    10.000000  331986.000000   0.25   0.132000  24.000000  29.000000   
75%    14.500000  673750.500000   0.25   0.136000  24.000000  31.000000   
max    19.000000  673931.000000   0.25   0.142000  25.000000  31.000000   

              Zn  
count  19.000000  
mean   44.473684  
std     1.806421  
min    41.000000  
25%    44.000000  
50%    45.000000  
75%    45.500000  
max    47.000000  